1702729132569 0.4063714800417181 0
1702729132576 0.29676033649543576 1
1702729132581 0.29270780214176445 2
1702729132585 0.366724804731933 3
1702729132589 0.381872100980914 4
1702729132592 0.19842338011920785 5
1702729132596 0.12628865979381443 6
1702729132600 0.04455445544554455 7
1702729132604 0.0 8
1702729132608 0.015174506828528072 9
1702729132612 0.07119476268412438 10
1702729132615 0.023026315789473683 11
1702729132619 0.035437430786267994 12
1702729132623 1.0 13
1702729132626 0.006560540279787747 14
