1702728083561 0.4063714800417181 0
1702728083569 0.29676033649543576 1
1702728083574 0.29270780214176445 2
1702728083578 0.366724804731933 3
1702728083582 0.381872100980914 4
1702728083586 0.19842338011920785 5
1702728083590 0.12628865979381443 6
1702728083594 0.04455445544554455 7
1702728083597 0.0 8
1702728083602 0.015174506828528072 9
1702728083607 0.07119476268412438 10
1702728083611 0.023026315789473683 11
1702728083615 0.035437430786267994 12
1702728083619 1.0 13
1702728083623 0.006560540279787747 14
