1702728785970 0.4063714800417181 0
1702728785977 0.29676033649543576 1
1702728785983 0.29270780214176445 2
1702728785987 0.366724804731933 3
1702728785991 0.381872100980914 4
1702728785994 0.19842338011920785 5
1702728785999 0.12628865979381443 6
1702728786003 0.04455445544554455 7
1702728786007 0.0 8
1702728786011 0.015174506828528072 9
1702728786015 0.07119476268412438 10
1702728786019 0.023026315789473683 11
1702728786022 0.035437430786267994 12
1702728786026 1.0 13
1702728786030 0.006560540279787747 14
