1702729511328 0.4063714800417181 0
1702729511332 0.29676033649543576 1
1702729511335 0.29270780214176445 2
1702729511339 0.366724804731933 3
1702729511343 0.381872100980914 4
1702729511347 0.19842338011920785 5
1702729511351 0.12628865979381443 6
1702729511355 0.04455445544554455 7
1702729511358 0.0 8
1702729511362 0.015174506828528072 9
1702729511366 0.07119476268412438 10
1702729511370 0.023026315789473683 11
1702729511374 0.035437430786267994 12
1702729511378 1.0 13
1702729511382 0.006560540279787747 14
