1702729478508 0.4063714800417181 0
1702729478515 0.29676033649543576 1
1702729478521 0.29270780214176445 2
1702729478525 0.366724804731933 3
1702729478529 0.381872100980914 4
1702729478533 0.19842338011920785 5
1702729478536 0.12628865979381443 6
1702729478540 0.04455445544554455 7
1702729478544 0.0 8
1702729478548 0.015174506828528072 9
1702729478551 0.07119476268412438 10
1702729478555 0.023026315789473683 11
1702729478559 0.035437430786267994 12
1702729478563 1.0 13
1702729478567 0.006560540279787747 14
