1702728439082 0.4063714800417181 0
1702728439090 0.29676033649543576 1
1702728439094 0.29270780214176445 2
1702728439098 0.366724804731933 3
1702728439102 0.381872100980914 4
1702728439106 0.19842338011920785 5
1702728439109 0.12628865979381443 6
1702728439113 0.04455445544554455 7
1702728439117 0.0 8
1702728439121 0.015174506828528072 9
1702728439124 0.07119476268412438 10
1702728439128 0.023026315789473683 11
1702728439132 0.035437430786267994 12
1702728439136 1.0 13
1702728439140 0.006560540279787747 14
